0.05 0.05 80.296 24.750
0.05 0.10 81.726 28.543
0.05 0.15 82.807 31.138
0.05 0.20 83.575 34.331
0.05 0.25 83.801 35.729
0.05 0.30 83.941 36.527
0.05 0.35 84.133 36.527
0.05 0.40 84.324 36.926
0.05 0.45 84.551 38.723
0.05 0.50 84.656 39.122
0.05 0.55 84.743 39.321
0.05 0.60 84.900 40.120
0.05 0.65 85.161 40.719
0.05 0.70 85.161 40.918
0.05 0.75 85.144 40.719
0.05 0.80 85.179 41.317
0.05 0.85 84.952 41.118
0.05 0.90 85.022 41.118
0.05 0.95 85.126 41.118
0.05 1.00 71.909 35.928
0.10 0.05 82.214 29.142
0.10 0.10 83.487 33.733
0.10 0.15 84.464 35.928
0.10 0.20 85.109 38.323
0.10 0.25 85.510 40.519
0.10 0.30 85.615 40.918
0.10 0.35 85.859 41.118
0.10 0.40 86.085 42.914
0.10 0.45 86.016 42.315
0.10 0.50 86.016 42.315
0.10 0.55 86.155 43.114
0.10 0.60 86.295 44.112
0.10 0.65 86.364 43.912
0.10 0.70 86.539 44.112
0.10 0.75 86.486 43.912
0.10 0.80 86.574 44.511
0.10 0.85 86.591 44.311
0.10 0.90 86.574 44.711
0.10 0.95 86.539 44.711
0.10 1.00 72.572 37.525
0.15 0.05 83.365 31.337
0.15 0.10 84.708 36.128
0.15 0.15 85.440 38.723
0.15 0.20 85.824 39.521
0.15 0.25 86.347 41.118
0.15 0.30 86.539 42.116
0.15 0.35 86.591 42.515
0.15 0.40 86.800 43.313
0.15 0.45 86.748 43.313
0.15 0.50 86.765 43.313
0.15 0.55 86.888 44.311
0.15 0.60 86.818 44.511
0.15 0.65 86.940 45.110
0.15 0.70 86.992 44.910
0.15 0.75 87.114 45.110
0.15 0.80 87.201 45.709
0.15 0.85 87.027 45.110
0.15 0.90 87.236 45.509
0.15 0.95 87.044 45.509
0.15 1.00 72.729 37.525
0.20 0.05 83.958 33.134
0.20 0.10 85.283 37.725
0.20 0.15 86.120 39.521
0.20 0.20 86.574 41.118
0.20 0.25 86.957 42.715
0.20 0.30 87.132 43.313
0.20 0.35 87.306 44.311
0.20 0.40 87.463 45.110
0.20 0.45 87.323 44.711
0.20 0.50 87.393 44.711
0.20 0.55 87.446 45.509
0.20 0.60 87.428 45.908
0.20 0.65 87.672 46.707
0.20 0.70 87.637 46.307
0.20 0.75 87.672 46.707
0.20 0.80 87.655 47.106
0.20 0.85 87.637 47.106
0.20 0.90 87.637 46.707
0.20 0.95 87.480 46.707
0.20 1.00 73.217 38.323
0.25 0.05 84.847 35.329
0.25 0.10 86.120 40.319
0.25 0.15 86.940 42.116
0.25 0.20 87.306 44.112
0.25 0.25 87.480 44.311
0.25 0.30 87.550 45.309
0.25 0.35 87.724 46.307
0.25 0.40 87.899 47.106
0.25 0.45 87.969 47.305
0.25 0.50 87.916 47.106
0.25 0.55 88.003 47.505
0.25 0.60 88.021 48.503
0.25 0.65 88.056 48.303
0.25 0.70 88.248 48.503
0.25 0.75 88.195 48.703
0.25 0.80 88.038 48.703
0.25 0.85 88.021 48.703
0.25 0.90 88.073 48.503
0.25 0.95 88.038 48.503
0.25 1.00 73.827 39.521
0.30 0.05 85.458 37.725
0.30 0.10 86.469 40.519
0.30 0.15 87.184 42.914
0.30 0.20 87.515 44.711
0.30 0.25 87.777 45.709
0.30 0.30 87.829 46.108
0.30 0.35 87.934 47.305
0.30 0.40 87.986 47.705
0.30 0.45 88.108 47.705
0.30 0.50 88.317 48.303
0.30 0.55 88.405 48.703
0.30 0.60 88.352 49.102
0.30 0.65 88.405 49.301
0.30 0.70 88.422 49.301
0.30 0.75 88.422 49.102
0.30 0.80 88.492 49.701
0.30 0.85 88.352 49.701
0.30 0.90 88.370 49.501
0.30 0.95 88.335 49.501
0.30 1.00 74.124 39.721
0.35 0.05 85.859 38.323
0.35 0.10 86.975 41.317
0.35 0.15 87.376 43.513
0.35 0.20 87.881 45.509
0.35 0.25 88.143 46.507
0.35 0.30 88.230 47.305
0.35 0.35 88.300 47.904
0.35 0.40 88.248 47.705
0.35 0.45 88.405 48.303
0.35 0.50 88.544 48.303
0.35 0.55 88.666 49.301
0.35 0.60 88.666 49.501
0.35 0.65 88.718 49.900
0.35 0.70 88.666 49.701
0.35 0.75 88.771 50.299
0.35 0.80 88.823 50.299
0.35 0.85 88.684 49.900
0.35 0.90 88.736 49.900
0.35 0.95 88.579 49.701
0.35 1.00 74.263 39.920
0.40 0.05 86.242 40.319
0.40 0.10 87.236 42.515
0.40 0.15 87.777 45.509
0.40 0.20 88.352 47.705
0.40 0.25 88.509 48.703
0.40 0.30 88.492 48.104
0.40 0.35 88.527 48.503
0.40 0.40 88.579 49.301
0.40 0.45 88.771 49.701
0.40 0.50 88.806 49.900
0.40 0.55 88.788 49.900
0.40 0.60 88.928 50.898
0.40 0.65 88.980 50.898
0.40 0.70 88.928 50.898
0.40 0.75 88.963 51.098
0.40 0.80 88.963 51.098
0.40 0.85 89.015 50.898
0.40 0.90 88.963 50.898
0.40 0.95 88.893 50.499
0.40 1.00 74.368 40.319
0.45 0.05 86.312 40.519
0.45 0.10 87.585 44.112
0.45 0.15 88.021 46.307
0.45 0.20 88.370 47.705
0.45 0.25 88.736 48.703
0.45 0.30 88.666 48.902
0.45 0.35 88.701 49.301
0.45 0.40 88.858 49.701
0.45 0.45 88.893 50.100
0.45 0.50 89.032 50.499
0.45 0.55 88.963 50.299
0.45 0.60 89.032 50.499
0.45 0.65 89.102 51.297
0.45 0.70 88.945 51.098
0.45 0.75 88.945 51.297
0.45 0.80 88.928 50.898
0.45 0.85 88.980 50.898
0.45 0.90 88.963 50.699
0.45 0.95 88.980 50.499
0.45 1.00 74.420 40.519
0.50 0.05 86.661 42.515
0.50 0.10 87.620 45.309
0.50 0.15 88.108 47.505
0.50 0.20 88.457 48.503
0.50 0.25 88.701 49.501
0.50 0.30 88.893 49.701
0.50 0.35 88.910 50.100
0.50 0.40 89.050 50.898
0.50 0.45 89.137 51.497
0.50 0.50 89.276 51.697
0.50 0.55 89.276 51.697
0.50 0.60 89.329 52.096
0.50 0.65 89.364 52.695
0.50 0.70 89.224 52.495
0.50 0.75 89.189 52.295
0.50 0.80 89.119 52.096
0.50 0.85 89.172 51.896
0.50 0.90 89.172 51.896
0.50 0.95 89.137 51.497
0.50 1.00 74.769 41.317
0.55 0.05 86.643 42.715
0.55 0.10 87.655 46.108
0.55 0.15 88.108 47.705
0.55 0.20 88.439 48.503
0.55 0.25 88.701 49.301
0.55 0.30 89.050 50.100
0.55 0.35 89.311 51.098
0.55 0.40 89.294 51.297
0.55 0.45 89.224 51.497
0.55 0.50 89.259 51.297
0.55 0.55 89.468 51.896
0.55 0.60 89.520 52.695
0.55 0.65 89.451 52.894
0.55 0.70 89.433 52.894
0.55 0.75 89.364 52.695
0.55 0.80 89.381 52.295
0.55 0.85 89.294 52.096
0.55 0.90 89.154 51.896
0.55 0.95 89.207 51.896
0.55 1.00 74.839 41.118
0.60 0.05 86.905 43.313
0.60 0.10 87.864 47.106
0.60 0.15 88.282 48.303
0.60 0.20 88.527 48.503
0.60 0.25 88.840 49.701
0.60 0.30 89.032 50.499
0.60 0.35 89.381 51.896
0.60 0.40 89.538 52.495
0.60 0.45 89.364 51.896
0.60 0.50 89.364 51.896
0.60 0.55 89.486 52.096
0.60 0.60 89.573 52.894
0.60 0.65 89.625 53.493
0.60 0.70 89.677 53.693
0.60 0.75 89.520 53.293
0.60 0.80 89.590 53.493
0.60 0.85 89.433 52.695
0.60 0.90 89.276 52.495
0.60 0.95 89.311 52.495
0.60 1.00 74.943 41.118
0.65 0.05 87.254 44.311
0.65 0.10 88.143 47.505
0.65 0.15 88.492 48.503
0.65 0.20 88.788 48.703
0.65 0.25 89.207 50.898
0.65 0.30 89.276 51.098
0.65 0.35 89.538 52.295
0.65 0.40 89.625 52.495
0.65 0.45 89.555 52.096
0.65 0.50 89.625 52.495
0.65 0.55 89.660 52.695
0.65 0.60 89.730 53.094
0.65 0.65 89.782 53.892
0.65 0.70 89.834 53.693
0.65 0.75 89.782 53.892
0.65 0.80 89.747 53.693
0.65 0.85 89.643 53.293
0.65 0.90 89.503 52.894
0.65 0.95 89.381 52.495
0.65 1.00 75.048 41.317
0.70 0.05 87.393 44.711
0.70 0.10 88.230 47.305
0.70 0.15 88.527 48.902
0.70 0.20 88.840 49.301
0.70 0.25 89.119 50.499
0.70 0.30 89.346 51.497
0.70 0.35 89.538 52.295
0.70 0.40 89.643 52.894
0.70 0.45 89.765 52.894
0.70 0.50 89.625 52.295
0.70 0.55 89.660 52.695
0.70 0.60 89.712 52.894
0.70 0.65 89.730 53.693
0.70 0.70 89.712 53.493
0.70 0.75 89.695 53.493
0.70 0.80 89.712 53.293
0.70 0.85 89.712 53.094
0.70 0.90 89.608 53.094
0.70 0.95 89.433 52.695
0.70 1.00 75.013 41.317
0.75 0.05 87.655 45.309
0.75 0.10 88.335 47.505
0.75 0.15 88.701 49.501
0.75 0.20 88.997 49.900
0.75 0.25 89.276 50.699
0.75 0.30 89.451 52.096
0.75 0.35 89.608 53.094
0.75 0.40 89.730 53.493
0.75 0.45 89.730 53.293
0.75 0.50 89.817 53.293
0.75 0.55 89.730 53.892
0.75 0.60 89.799 53.892
0.75 0.65 89.852 54.092
0.75 0.70 89.712 53.693
0.75 0.75 89.747 54.092
0.75 0.80 89.834 54.291
0.75 0.85 89.660 53.493
0.75 0.90 89.608 53.493
0.75 0.95 89.433 53.493
0.75 1.00 75.031 41.717
0.80 0.05 87.707 46.108
0.80 0.10 88.474 48.303
0.80 0.15 88.840 49.701
0.80 0.20 88.963 50.299
0.80 0.25 89.241 51.098
0.80 0.30 89.468 52.495
0.80 0.35 89.608 53.094
0.80 0.40 89.608 52.894
0.80 0.45 89.677 53.293
0.80 0.50 89.765 53.693
0.80 0.55 89.817 54.092
0.80 0.60 89.817 54.092
0.80 0.65 89.817 54.291
0.80 0.70 89.904 54.291
0.80 0.75 89.904 54.491
0.80 0.80 89.887 54.491
0.80 0.85 89.765 54.092
0.80 0.90 89.677 53.693
0.80 0.95 89.573 53.693
0.80 1.00 74.926 41.916
0.85 0.05 87.742 46.507
0.85 0.10 88.457 48.303
0.85 0.15 88.684 49.301
0.85 0.20 88.910 50.499
0.85 0.25 89.189 51.297
0.85 0.30 89.520 52.695
0.85 0.35 89.538 53.094
0.85 0.40 89.555 53.094
0.85 0.45 89.643 53.693
0.85 0.50 89.695 53.693
0.85 0.55 89.817 53.892
0.85 0.60 89.747 53.693
0.85 0.65 89.799 54.092
0.85 0.70 89.904 54.491
0.85 0.75 89.904 54.491
0.85 0.80 89.887 54.491
0.85 0.85 89.799 54.291
0.85 0.90 89.625 53.293
0.85 0.95 89.503 53.293
0.85 1.00 74.926 41.916
0.90 0.05 87.899 47.106
0.90 0.10 88.509 48.503
0.90 0.15 88.771 49.301
0.90 0.20 89.050 50.898
0.90 0.25 89.311 51.697
0.90 0.30 89.451 52.495
0.90 0.35 89.503 53.493
0.90 0.40 89.555 52.894
0.90 0.45 89.660 53.094
0.90 0.50 89.730 53.493
0.90 0.55 89.730 53.693
0.90 0.60 89.887 53.892
0.90 0.65 90.009 54.691
0.90 0.70 90.078 54.890
0.90 0.75 89.991 54.691
0.90 0.80 89.939 54.691
0.90 0.85 89.817 54.291
0.90 0.90 89.765 53.693
0.90 0.95 89.468 53.293
0.90 1.00 75.065 42.116
0.95 0.05 87.969 46.906
0.95 0.10 88.439 48.303
0.95 0.15 88.753 49.701
0.95 0.20 89.172 51.098
0.95 0.25 89.346 51.497
0.95 0.30 89.555 52.495
0.95 0.35 89.643 53.493
0.95 0.40 89.712 53.094
0.95 0.45 89.817 53.293
0.95 0.50 89.799 53.293
0.95 0.55 89.869 54.092
0.95 0.60 89.974 54.291
0.95 0.65 89.956 54.691
0.95 0.70 90.061 55.090
0.95 0.75 89.974 54.691
0.95 0.80 89.956 54.890
0.95 0.85 89.747 54.491
0.95 0.90 89.643 54.092
0.95 0.95 89.608 54.092
0.95 1.00 75.187 42.116
1.00 0.05 87.515 45.509
1.00 0.10 88.143 47.705
1.00 0.15 88.405 48.503
1.00 0.20 88.614 49.501
1.00 0.25 88.875 50.499
1.00 0.30 89.224 51.497
1.00 0.35 89.346 52.695
1.00 0.40 89.276 52.894
1.00 0.45 89.294 52.695
1.00 0.50 89.224 52.695
1.00 0.55 89.398 53.293
1.00 0.60 89.503 53.693
1.00 0.65 89.573 54.092
1.00 0.70 89.712 54.890
1.00 0.75 89.765 54.890
1.00 0.80 89.765 55.090
1.00 0.85 89.782 55.489
1.00 0.90 89.712 55.090
1.00 0.95 89.712 55.489
1.00 1.00 75.275 42.315
