0.05 0.05 82.441 29.541
0.05 0.10 84.220 34.331
0.05 0.15 85.510 38.323
0.05 0.20 86.120 39.721
0.05 0.25 86.591 40.719
0.05 0.30 86.713 41.517
0.05 0.35 87.219 42.715
0.05 0.40 87.271 43.313
0.05 0.45 87.498 43.912
0.05 0.50 87.881 45.110
0.05 0.55 88.091 45.509
0.05 0.60 88.021 46.307
0.05 0.65 88.160 47.305
0.05 0.70 88.195 48.104
0.05 0.75 88.143 47.705
0.05 0.80 88.230 47.904
0.05 0.85 88.265 47.705
0.05 0.90 88.108 47.705
0.05 0.95 87.951 48.503
0.05 1.00 78.535 43.912
0.10 0.05 84.481 35.529
0.10 0.10 86.155 39.721
0.10 0.15 86.957 42.315
0.10 0.20 87.498 44.311
0.10 0.25 87.829 44.910
0.10 0.30 88.178 46.108
0.10 0.35 88.509 47.505
0.10 0.40 88.840 48.503
0.10 0.45 89.032 49.102
0.10 0.50 89.085 49.501
0.10 0.55 89.241 50.100
0.10 0.60 89.329 50.299
0.10 0.65 89.416 51.297
0.10 0.70 89.468 51.697
0.10 0.75 89.398 51.697
0.10 0.80 89.398 51.697
0.10 0.85 89.346 51.697
0.10 0.90 89.294 51.896
0.10 0.95 89.050 52.096
0.10 1.00 79.669 46.507
0.15 0.05 85.806 38.124
0.15 0.10 87.289 43.114
0.15 0.15 88.073 45.509
0.15 0.20 88.126 46.307
0.15 0.25 88.579 47.106
0.15 0.30 88.858 47.705
0.15 0.35 89.102 48.902
0.15 0.40 89.276 49.301
0.15 0.45 89.398 49.701
0.15 0.50 89.486 50.100
0.15 0.55 89.590 50.898
0.15 0.60 89.608 51.297
0.15 0.65 89.747 52.096
0.15 0.70 89.782 52.295
0.15 0.75 89.747 52.495
0.15 0.80 89.765 52.695
0.15 0.85 89.625 52.495
0.15 0.90 89.608 52.894
0.15 0.95 89.381 52.695
0.15 1.00 79.704 46.707
0.20 0.05 86.138 38.922
0.20 0.10 87.899 45.509
0.20 0.15 88.579 47.505
0.20 0.20 88.509 48.104
0.20 0.25 88.875 48.303
0.20 0.30 89.137 48.703
0.20 0.35 89.329 49.701
0.20 0.40 89.486 50.299
0.20 0.45 89.677 50.898
0.20 0.50 89.904 51.697
0.20 0.55 89.974 52.096
0.20 0.60 90.044 53.094
0.20 0.65 90.148 53.293
0.20 0.70 90.183 53.892
0.20 0.75 90.113 53.493
0.20 0.80 90.113 53.493
0.20 0.85 90.096 53.892
0.20 0.90 89.991 53.892
0.20 0.95 89.782 53.493
0.20 1.00 79.948 47.505
0.25 0.05 86.853 41.118
0.25 0.10 88.335 46.507
0.25 0.15 88.753 47.904
0.25 0.20 89.050 48.703
0.25 0.25 89.241 49.102
0.25 0.30 89.625 50.100
0.25 0.35 89.712 50.299
0.25 0.40 89.852 50.898
0.25 0.45 89.939 51.098
0.25 0.50 90.096 51.896
0.25 0.55 90.323 52.695
0.25 0.60 90.270 53.293
0.25 0.65 90.375 53.693
0.25 0.70 90.357 54.092
0.25 0.75 90.270 53.693
0.25 0.80 90.183 53.892
0.25 0.85 90.288 53.892
0.25 0.90 90.270 54.291
0.25 0.95 90.044 53.892
0.25 1.00 80.366 47.904
0.30 0.05 87.289 42.315
0.30 0.10 88.736 47.705
0.30 0.15 89.207 49.501
0.30 0.20 89.468 49.501
0.30 0.25 89.712 50.299
0.30 0.30 89.956 51.297
0.30 0.35 90.131 51.896
0.30 0.40 90.166 51.896
0.30 0.45 90.288 52.695
0.30 0.50 90.497 53.493
0.30 0.55 90.689 54.890
0.30 0.60 90.480 54.491
0.30 0.65 90.584 54.890
0.30 0.70 90.549 54.691
0.30 0.75 90.602 55.090
0.30 0.80 90.480 55.090
0.30 0.85 90.619 55.090
0.30 0.90 90.654 55.888
0.30 0.95 90.357 55.090
0.30 1.00 80.628 48.703
0.35 0.05 87.742 44.511
0.35 0.10 88.771 48.703
0.35 0.15 89.294 49.701
0.35 0.20 89.643 50.100
0.35 0.25 90.026 51.297
0.35 0.30 90.235 52.096
0.35 0.35 90.392 53.094
0.35 0.40 90.532 53.892
0.35 0.45 90.462 53.693
0.35 0.50 90.741 54.890
0.35 0.55 90.881 55.888
0.35 0.60 90.671 55.689
0.35 0.65 90.654 55.888
0.35 0.70 90.671 55.689
0.35 0.75 90.671 55.689
0.35 0.80 90.602 56.088
0.35 0.85 90.654 56.088
0.35 0.90 90.741 56.487
0.35 0.95 90.602 56.287
0.35 1.00 81.168 49.501
0.40 0.05 88.126 45.509
0.40 0.10 89.207 49.701
0.40 0.15 89.695 50.898
0.40 0.20 90.218 52.096
0.40 0.25 90.410 52.695
0.40 0.30 90.759 54.092
0.40 0.35 90.741 54.491
0.40 0.40 90.863 55.090
0.40 0.45 90.985 55.489
0.40 0.50 91.160 56.487
0.40 0.55 91.055 56.687
0.40 0.60 91.090 56.886
0.40 0.65 91.055 57.285
0.40 0.70 91.037 56.886
0.40 0.75 91.020 56.687
0.40 0.80 91.020 57.285
0.40 0.85 91.020 57.086
0.40 0.90 91.090 57.485
0.40 0.95 90.933 57.485
0.40 1.00 81.255 50.100
0.45 0.05 88.178 45.709
0.45 0.10 89.311 48.902
0.45 0.15 89.852 51.098
0.45 0.20 90.323 52.295
0.45 0.25 90.532 53.094
0.45 0.30 90.898 54.291
0.45 0.35 90.898 54.691
0.45 0.40 91.055 55.489
0.45 0.45 91.282 56.088
0.45 0.50 91.299 56.287
0.45 0.55 91.264 56.886
0.45 0.60 91.247 57.285
0.45 0.65 91.247 57.485
0.45 0.70 91.055 56.487
0.45 0.75 91.125 56.886
0.45 0.80 91.003 57.086
0.45 0.85 91.055 57.086
0.45 0.90 91.160 57.485
0.45 0.95 91.055 57.685
0.45 1.00 81.325 50.100
0.50 0.05 88.509 46.707
0.50 0.10 89.433 49.102
0.50 0.15 90.096 51.896
0.50 0.20 90.410 53.293
0.50 0.25 90.706 53.892
0.50 0.30 90.933 54.491
0.50 0.35 91.055 55.489
0.50 0.40 91.177 55.689
0.50 0.45 91.247 56.088
0.50 0.50 91.316 56.687
0.50 0.55 91.404 57.884
0.50 0.60 91.334 57.685
0.50 0.65 91.090 57.285
0.50 0.70 91.107 57.086
0.50 0.75 91.107 57.086
0.50 0.80 91.055 57.086
0.50 0.85 91.037 57.086
0.50 0.90 91.125 57.685
0.50 0.95 90.968 57.485
0.50 1.00 81.360 49.900
0.55 0.05 88.596 47.305
0.55 0.10 89.520 50.100
0.55 0.15 90.148 52.295
0.55 0.20 90.514 53.693
0.55 0.25 90.741 54.491
0.55 0.30 91.037 55.689
0.55 0.35 91.125 56.088
0.55 0.40 91.212 56.287
0.55 0.45 91.229 56.487
0.55 0.50 91.334 57.485
0.55 0.55 91.473 58.483
0.55 0.60 91.473 58.683
0.55 0.65 91.316 58.084
0.55 0.70 91.194 57.884
0.55 0.75 91.177 57.485
0.55 0.80 91.177 57.884
0.55 0.85 91.107 57.685
0.55 0.90 91.090 58.084
0.55 0.95 91.090 57.884
0.55 1.00 81.447 50.299
0.60 0.05 88.684 48.303
0.60 0.10 89.590 50.898
0.60 0.15 90.357 53.493
0.60 0.20 90.776 54.691
0.60 0.25 91.090 55.689
0.60 0.30 91.212 56.687
0.60 0.35 91.404 57.485
0.60 0.40 91.421 57.285
0.60 0.45 91.508 57.685
0.60 0.50 91.613 58.483
0.60 0.55 91.683 59.082
0.60 0.60 91.648 59.281
0.60 0.65 91.630 59.082
0.60 0.70 91.526 58.683
0.60 0.75 91.456 58.483
0.60 0.80 91.508 58.283
0.60 0.85 91.439 58.483
0.60 0.90 91.404 58.882
0.60 0.95 91.316 58.283
0.60 1.00 81.500 50.699
0.65 0.05 88.718 47.904
0.65 0.10 89.747 50.898
0.65 0.15 90.357 52.695
0.65 0.20 90.689 55.090
0.65 0.25 91.055 55.888
0.65 0.30 91.247 56.487
0.65 0.35 91.439 57.285
0.65 0.40 91.508 57.685
0.65 0.45 91.595 58.084
0.65 0.50 91.700 58.483
0.65 0.55 91.700 58.882
0.65 0.60 91.648 58.882
0.65 0.65 91.683 58.882
0.65 0.70 91.648 58.882
0.65 0.75 91.578 58.483
0.65 0.80 91.473 58.483
0.65 0.85 91.473 58.283
0.65 0.90 91.351 58.283
0.65 0.95 91.316 58.084
0.65 1.00 81.569 51.297
0.70 0.05 88.875 48.902
0.70 0.10 89.677 50.898
0.70 0.15 90.323 52.894
0.70 0.20 90.671 55.090
0.70 0.25 91.020 55.689
0.70 0.30 91.299 56.287
0.70 0.35 91.334 57.485
0.70 0.40 91.473 58.084
0.70 0.45 91.526 58.084
0.70 0.50 91.595 58.483
0.70 0.55 91.543 58.683
0.70 0.60 91.595 58.882
0.70 0.65 91.648 59.082
0.70 0.70 91.752 59.481
0.70 0.75 91.822 59.681
0.70 0.80 91.526 58.882
0.70 0.85 91.508 58.683
0.70 0.90 91.508 58.882
0.70 0.95 91.386 58.683
0.70 1.00 81.709 51.697
0.75 0.05 89.102 49.701
0.75 0.10 89.817 52.096
0.75 0.15 90.514 54.291
0.75 0.20 90.689 54.890
0.75 0.25 91.037 55.888
0.75 0.30 91.369 56.886
0.75 0.35 91.439 57.285
0.75 0.40 91.508 57.685
0.75 0.45 91.543 57.884
0.75 0.50 91.665 58.683
0.75 0.55 91.683 58.882
0.75 0.60 91.822 59.681
0.75 0.65 91.857 59.880
0.75 0.70 91.770 59.681
0.75 0.75 91.787 60.080
0.75 0.80 91.857 59.681
0.75 0.85 91.648 59.481
0.75 0.90 91.613 59.481
0.75 0.95 91.508 59.281
0.75 1.00 81.918 51.896
0.80 0.05 89.172 50.699
0.80 0.10 90.113 52.695
0.80 0.15 90.480 53.892
0.80 0.20 90.671 54.491
0.80 0.25 91.037 56.287
0.80 0.30 91.351 57.086
0.80 0.35 91.473 57.685
0.80 0.40 91.561 58.084
0.80 0.45 91.578 57.884
0.80 0.50 91.595 58.283
0.80 0.55 91.613 58.683
0.80 0.60 91.718 59.082
0.80 0.65 91.735 59.681
0.80 0.70 91.770 59.880
0.80 0.75 91.787 60.080
0.80 0.80 91.805 59.880
0.80 0.85 91.648 59.481
0.80 0.90 91.630 59.481
0.80 0.95 91.456 59.082
0.80 1.00 81.848 51.896
0.85 0.05 89.259 50.699
0.85 0.10 90.113 52.495
0.85 0.15 90.567 53.892
0.85 0.20 90.776 54.691
0.85 0.25 90.968 55.888
0.85 0.30 91.229 57.285
0.85 0.35 91.456 57.685
0.85 0.40 91.456 57.884
0.85 0.45 91.526 57.884
0.85 0.50 91.630 58.283
0.85 0.55 91.683 58.683
0.85 0.60 91.683 58.882
0.85 0.65 91.735 59.681
0.85 0.70 91.735 59.681
0.85 0.75 91.892 60.080
0.85 0.80 91.840 60.080
0.85 0.85 91.770 59.681
0.85 0.90 91.613 59.281
0.85 0.95 91.491 59.281
0.85 1.00 81.796 51.896
0.90 0.05 89.032 50.299
0.90 0.10 89.991 52.096
0.90 0.15 90.532 53.293
0.90 0.20 90.602 54.092
0.90 0.25 90.741 55.090
0.90 0.30 91.072 56.487
0.90 0.35 91.386 57.285
0.90 0.40 91.456 57.685
0.90 0.45 91.491 58.084
0.90 0.50 91.578 58.483
0.90 0.55 91.630 59.281
0.90 0.60 91.822 59.681
0.90 0.65 91.874 60.479
0.90 0.70 91.892 60.878
0.90 0.75 91.909 60.878
0.90 0.80 91.857 60.679
0.90 0.85 91.683 59.880
0.90 0.90 91.648 59.880
0.90 0.95 91.491 59.481
0.90 1.00 81.831 52.295
0.95 0.05 88.858 49.701
0.95 0.10 89.904 52.295
0.95 0.15 90.148 52.894
0.95 0.20 90.497 53.892
0.95 0.25 90.671 54.890
0.95 0.30 91.090 56.487
0.95 0.35 91.194 57.285
0.95 0.40 91.264 57.285
0.95 0.45 91.229 57.485
0.95 0.50 91.526 58.283
0.95 0.55 91.770 59.281
0.95 0.60 91.857 59.681
0.95 0.65 91.787 60.279
0.95 0.70 91.892 60.679
0.95 0.75 91.770 60.479
0.95 0.80 91.683 60.479
0.95 0.85 91.578 60.080
0.95 0.90 91.613 60.279
0.95 0.95 91.421 59.481
0.95 1.00 82.040 52.295
1.00 0.05 88.701 49.900
1.00 0.10 89.608 51.497
1.00 0.15 89.974 52.495
1.00 0.20 90.201 53.094
1.00 0.25 90.357 54.291
1.00 0.30 90.532 55.090
1.00 0.35 90.741 55.888
1.00 0.40 90.828 56.687
1.00 0.45 90.915 56.487
1.00 0.50 91.229 57.685
1.00 0.55 91.561 58.683
1.00 0.60 91.665 59.082
1.00 0.65 91.700 60.080
1.00 0.70 91.752 60.479
1.00 0.75 91.857 60.679
1.00 0.80 91.787 60.679
1.00 0.85 91.630 60.080
1.00 0.90 91.595 60.479
1.00 0.95 91.508 59.880
1.00 1.00 82.092 52.096
