0.05 0.05 80.157 24.551
0.05 0.10 81.691 28.543
0.05 0.15 82.790 31.138
0.05 0.20 83.487 34.132
0.05 0.25 83.766 35.729
0.05 0.30 83.906 36.527
0.05 0.35 84.080 36.527
0.05 0.40 84.255 36.926
0.05 0.45 84.446 38.124
0.05 0.50 84.446 38.523
0.05 0.55 84.673 39.122
0.05 0.60 84.830 40.120
0.05 0.65 85.039 40.719
0.05 0.70 85.109 40.918
0.05 0.75 85.109 40.719
0.05 0.80 85.144 41.317
0.05 0.85 84.952 40.918
0.05 0.90 85.057 41.317
0.05 0.95 85.144 41.118
0.05 1.00 71.752 35.729
0.10 0.05 82.058 29.142
0.10 0.10 83.383 33.533
0.10 0.15 84.412 35.928
0.10 0.20 85.039 38.323
0.10 0.25 85.423 40.319
0.10 0.30 85.527 40.719
0.10 0.35 85.737 40.918
0.10 0.40 86.033 42.914
0.10 0.45 86.016 42.315
0.10 0.50 85.998 42.315
0.10 0.55 86.033 42.515
0.10 0.60 86.242 43.912
0.10 0.65 86.330 43.513
0.10 0.70 86.452 43.912
0.10 0.75 86.486 43.912
0.10 0.80 86.574 44.511
0.10 0.85 86.609 44.511
0.10 0.90 86.556 44.711
0.10 0.95 86.521 44.711
0.10 1.00 72.415 37.325
0.15 0.05 83.330 31.337
0.15 0.10 84.690 35.928
0.15 0.15 85.423 38.323
0.15 0.20 85.806 39.321
0.15 0.25 86.242 41.118
0.15 0.30 86.574 42.315
0.15 0.35 86.591 42.315
0.15 0.40 86.731 43.313
0.15 0.45 86.783 43.313
0.15 0.50 86.748 43.313
0.15 0.55 86.818 44.112
0.15 0.60 86.713 44.311
0.15 0.65 86.888 44.711
0.15 0.70 86.957 44.711
0.15 0.75 87.079 44.910
0.15 0.80 87.132 45.309
0.15 0.85 86.992 45.110
0.15 0.90 87.201 45.509
0.15 0.95 87.010 45.509
0.15 1.00 72.694 37.325
0.20 0.05 83.923 33.134
0.20 0.10 85.231 37.725
0.20 0.15 86.103 39.321
0.20 0.20 86.521 40.519
0.20 0.25 86.957 42.715
0.20 0.30 87.149 43.313
0.20 0.35 87.306 44.311
0.20 0.40 87.411 45.110
0.20 0.45 87.289 44.711
0.20 0.50 87.358 44.711
0.20 0.55 87.358 45.509
0.20 0.60 87.376 45.509
0.20 0.65 87.637 46.507
0.20 0.70 87.602 46.307
0.20 0.75 87.655 46.507
0.20 0.80 87.602 46.707
0.20 0.85 87.602 46.906
0.20 0.90 87.602 46.507
0.20 0.95 87.446 46.507
0.20 1.00 73.060 38.124
0.25 0.05 84.813 35.329
0.25 0.10 86.033 40.120
0.25 0.15 86.800 41.717
0.25 0.20 87.132 43.513
0.25 0.25 87.411 44.112
0.25 0.30 87.446 45.110
0.25 0.35 87.637 46.307
0.25 0.40 87.777 46.906
0.25 0.45 87.829 47.106
0.25 0.50 87.864 47.106
0.25 0.55 87.847 47.106
0.25 0.60 87.881 48.104
0.25 0.65 88.003 48.104
0.25 0.70 88.178 48.703
0.25 0.75 88.091 48.703
0.25 0.80 87.986 48.902
0.25 0.85 87.986 48.902
0.25 0.90 88.021 48.503
0.25 0.95 87.969 48.503
0.25 1.00 73.670 39.321
0.30 0.05 85.371 37.126
0.30 0.10 86.364 40.319
0.30 0.15 87.149 42.914
0.30 0.20 87.358 44.112
0.30 0.25 87.690 45.309
0.30 0.30 87.759 45.709
0.30 0.35 87.847 46.906
0.30 0.40 87.899 47.305
0.30 0.45 87.969 47.505
0.30 0.50 88.160 47.904
0.30 0.55 88.230 48.303
0.30 0.60 88.160 48.503
0.30 0.65 88.335 48.902
0.30 0.70 88.265 48.703
0.30 0.75 88.300 48.503
0.30 0.80 88.317 49.102
0.30 0.85 88.160 49.102
0.30 0.90 88.213 49.102
0.30 0.95 88.195 49.102
0.30 1.00 73.949 39.321
0.35 0.05 85.702 38.124
0.35 0.10 86.992 41.317
0.35 0.15 87.358 43.313
0.35 0.20 87.707 45.110
0.35 0.25 88.056 46.307
0.35 0.30 88.108 46.906
0.35 0.35 88.160 47.305
0.35 0.40 88.143 47.505
0.35 0.45 88.300 48.104
0.35 0.50 88.439 48.303
0.35 0.55 88.509 49.102
0.35 0.60 88.544 49.301
0.35 0.65 88.684 49.701
0.35 0.70 88.544 49.501
0.35 0.75 88.666 50.299
0.35 0.80 88.718 50.299
0.35 0.85 88.579 49.900
0.35 0.90 88.614 49.900
0.35 0.95 88.474 49.701
0.35 1.00 74.106 39.721
0.40 0.05 86.138 40.120
0.40 0.10 87.236 42.914
0.40 0.15 87.672 44.910
0.40 0.20 88.213 47.305
0.40 0.25 88.439 48.503
0.40 0.30 88.405 47.904
0.40 0.35 88.457 48.303
0.40 0.40 88.492 48.902
0.40 0.45 88.631 49.301
0.40 0.50 88.701 49.900
0.40 0.55 88.753 49.900
0.40 0.60 88.893 50.499
0.40 0.65 88.910 50.699
0.40 0.70 88.823 50.699
0.40 0.75 88.875 51.098
0.40 0.80 88.875 51.098
0.40 0.85 88.928 50.898
0.40 0.90 88.858 50.898
0.40 0.95 88.806 50.499
0.40 1.00 74.211 40.120
0.45 0.05 86.190 40.319
0.45 0.10 87.446 43.912
0.45 0.15 87.916 46.108
0.45 0.20 88.248 47.505
0.45 0.25 88.561 48.303
0.45 0.30 88.596 48.703
0.45 0.35 88.631 49.102
0.45 0.40 88.701 49.301
0.45 0.45 88.771 49.701
0.45 0.50 88.893 49.900
0.45 0.55 88.928 49.900
0.45 0.60 88.963 50.299
0.45 0.65 89.085 51.297
0.45 0.70 88.858 51.098
0.45 0.75 88.858 51.297
0.45 0.80 88.840 50.898
0.45 0.85 88.893 50.898
0.45 0.90 88.840 50.699
0.45 0.95 88.858 50.499
0.45 1.00 74.263 40.319
0.50 0.05 86.504 41.317
0.50 0.10 87.533 44.910
0.50 0.15 87.969 46.906
0.50 0.20 88.335 47.904
0.50 0.25 88.631 49.102
0.50 0.30 88.823 49.301
0.50 0.35 88.753 49.501
0.50 0.40 88.910 50.299
0.50 0.45 88.875 50.299
0.50 0.50 89.032 50.499
0.50 0.55 89.050 50.499
0.50 0.60 89.119 50.898
0.50 0.65 89.154 51.697
0.50 0.70 88.963 51.297
0.50 0.75 88.945 51.297
0.50 0.80 88.875 51.098
0.50 0.85 88.928 50.898
0.50 0.90 88.893 50.898
0.50 0.95 88.893 50.499
0.50 1.00 74.368 40.519
0.55 0.05 86.556 42.315
0.55 0.10 87.568 45.709
0.55 0.15 88.038 47.305
0.55 0.20 88.352 48.104
0.55 0.25 88.631 48.902
0.55 0.30 88.963 49.701
0.55 0.35 89.294 50.898
0.55 0.40 89.207 50.898
0.55 0.45 89.119 51.098
0.55 0.50 89.172 51.098
0.55 0.55 89.398 51.497
0.55 0.60 89.433 52.096
0.55 0.65 89.364 52.295
0.55 0.70 89.346 52.695
0.55 0.75 89.259 52.495
0.55 0.80 89.294 52.295
0.55 0.85 89.154 51.896
0.55 0.90 89.067 51.697
0.55 0.95 89.119 51.697
0.55 1.00 74.682 40.918
0.60 0.05 86.748 42.914
0.60 0.10 87.742 46.507
0.60 0.15 88.143 47.505
0.60 0.20 88.439 48.303
0.60 0.25 88.771 49.301
0.60 0.30 88.963 50.299
0.60 0.35 89.294 51.497
0.60 0.40 89.416 52.295
0.60 0.45 89.276 51.697
0.60 0.50 89.259 51.497
0.60 0.55 89.364 51.896
0.60 0.60 89.468 52.295
0.60 0.65 89.503 52.695
0.60 0.70 89.573 53.493
0.60 0.75 89.416 53.094
0.60 0.80 89.451 53.293
0.60 0.85 89.329 52.495
0.60 0.90 89.172 52.295
0.60 0.95 89.207 52.295
0.60 1.00 74.804 41.118
0.65 0.05 87.149 43.912
0.65 0.10 88.021 46.906
0.65 0.15 88.370 47.904
0.65 0.20 88.684 48.303
0.65 0.25 89.067 50.100
0.65 0.30 89.276 50.898
0.65 0.35 89.433 51.896
0.65 0.40 89.520 52.096
0.65 0.45 89.538 52.096
0.65 0.50 89.573 52.295
0.65 0.55 89.660 52.495
0.65 0.60 89.660 52.695
0.65 0.65 89.712 53.293
0.65 0.70 89.747 53.293
0.65 0.75 89.712 53.693
0.65 0.80 89.677 53.493
0.65 0.85 89.538 53.094
0.65 0.90 89.416 52.695
0.65 0.95 89.294 52.295
0.65 1.00 74.856 41.118
0.70 0.05 87.271 44.311
0.70 0.10 88.108 46.906
0.70 0.15 88.405 48.303
0.70 0.20 88.736 48.902
0.70 0.25 89.050 50.100
0.70 0.30 89.294 51.297
0.70 0.35 89.416 51.896
0.70 0.40 89.486 52.495
0.70 0.45 89.643 52.495
0.70 0.50 89.520 52.096
0.70 0.55 89.625 52.495
0.70 0.60 89.660 52.695
0.70 0.65 89.625 53.094
0.70 0.70 89.590 53.094
0.70 0.75 89.573 53.094
0.70 0.80 89.608 53.094
0.70 0.85 89.590 52.894
0.70 0.90 89.503 52.894
0.70 0.95 89.276 52.495
0.70 1.00 74.856 41.118
0.75 0.05 87.463 44.711
0.75 0.10 88.317 47.505
0.75 0.15 88.614 48.902
0.75 0.20 88.910 49.701
0.75 0.25 89.172 50.299
0.75 0.30 89.364 51.896
0.75 0.35 89.555 52.894
0.75 0.40 89.590 53.094
0.75 0.45 89.643 53.094
0.75 0.50 89.730 53.094
0.75 0.55 89.695 53.693
0.75 0.60 89.747 53.493
0.75 0.65 89.765 53.493
0.75 0.70 89.660 53.293
0.75 0.75 89.643 53.693
0.75 0.80 89.765 54.092
0.75 0.85 89.625 53.293
0.75 0.90 89.520 53.293
0.75 0.95 89.346 53.293
0.75 1.00 74.874 41.517
0.80 0.05 87.690 45.908
0.80 0.10 88.439 47.904
0.80 0.15 88.858 49.501
0.80 0.20 88.928 49.900
0.80 0.25 89.207 50.699
0.80 0.30 89.398 52.096
0.80 0.35 89.590 52.894
0.80 0.40 89.555 52.695
0.80 0.45 89.677 53.293
0.80 0.50 89.730 53.493
0.80 0.55 89.730 53.892
0.80 0.60 89.765 53.892
0.80 0.65 89.730 53.693
0.80 0.70 89.799 54.092
0.80 0.75 89.765 53.892
0.80 0.80 89.747 54.092
0.80 0.85 89.712 53.892
0.80 0.90 89.573 53.493
0.80 0.95 89.416 53.293
0.80 1.00 74.769 41.717
0.85 0.05 87.637 46.108
0.85 0.10 88.387 48.104
0.85 0.15 88.649 49.102
0.85 0.20 88.875 50.100
0.85 0.25 89.102 50.499
0.85 0.30 89.398 52.295
0.85 0.35 89.503 52.894
0.85 0.40 89.486 52.894
0.85 0.45 89.643 53.493
0.85 0.50 89.660 53.493
0.85 0.55 89.817 53.693
0.85 0.60 89.765 53.493
0.85 0.65 89.712 53.493
0.85 0.70 89.782 54.291
0.85 0.75 89.765 54.092
0.85 0.80 89.765 54.092
0.85 0.85 89.660 53.892
0.85 0.90 89.520 53.094
0.85 0.95 89.381 53.094
0.85 1.00 74.769 41.717
0.90 0.05 87.864 46.906
0.90 0.10 88.474 48.303
0.90 0.15 88.753 49.102
0.90 0.20 88.893 50.100
0.90 0.25 89.224 51.098
0.90 0.30 89.433 52.295
0.90 0.35 89.468 53.094
0.90 0.40 89.468 52.695
0.90 0.45 89.608 52.894
0.90 0.50 89.677 53.293
0.90 0.55 89.712 53.493
0.90 0.60 89.834 53.693
0.90 0.65 89.869 54.092
0.90 0.70 89.974 54.691
0.90 0.75 89.887 54.491
0.90 0.80 89.799 54.291
0.90 0.85 89.695 53.892
0.90 0.90 89.538 53.493
0.90 0.95 89.346 52.894
0.90 1.00 74.786 41.916
0.95 0.05 87.864 46.307
0.95 0.10 88.335 47.705
0.95 0.15 88.684 49.102
0.95 0.20 89.050 50.299
0.95 0.25 89.224 51.098
0.95 0.30 89.503 52.096
0.95 0.35 89.573 52.894
0.95 0.40 89.643 52.894
0.95 0.45 89.712 53.094
0.95 0.50 89.712 53.094
0.95 0.55 89.799 53.892
0.95 0.60 89.869 54.291
0.95 0.65 89.817 54.491
0.95 0.70 89.956 55.090
0.95 0.75 89.799 54.291
0.95 0.80 89.799 54.291
0.95 0.85 89.590 53.892
0.95 0.90 89.503 53.693
0.95 0.95 89.468 53.693
0.95 1.00 74.996 41.916
1.00 0.05 87.358 44.711
1.00 0.10 88.038 47.106
1.00 0.15 88.352 48.104
1.00 0.20 88.439 48.703
1.00 0.25 88.753 50.100
1.00 0.30 89.067 50.898
1.00 0.35 89.189 52.096
1.00 0.40 89.102 52.295
1.00 0.45 89.119 52.096
1.00 0.50 89.137 52.096
1.00 0.55 89.433 53.094
1.00 0.60 89.433 53.493
1.00 0.65 89.503 53.892
1.00 0.70 89.660 54.691
1.00 0.75 89.677 54.691
1.00 0.80 89.660 54.691
1.00 0.85 89.660 54.890
1.00 0.90 89.608 54.691
1.00 0.95 89.538 55.090
1.00 1.00 75.100 42.116
